FramesRow = [[[36, 63, 62, 37, 39, 49, 48, 38, 61, 60, 51, 50], [108, 138, 109, 139, 111, 120, 110, 121, 132, 133, 123, 122], [198, 225, 224, 199, 201, 210, 211, 200, 223, 222, 212, 213], [315, 288, 289, 314, 291, 301, 290, 300, 312, 313, 302, 303]],
             [[24, 25, 41, 40, 16, 17, 3, 2, 47, 46, 29, 28], [58, 113, 112, 59, 53, 52, 178, 179, 119, 118, 186, 187], [203, 131, 130, 202, 124, 125, 192, 193, 209, 234, 208, 235], [293, 221, 220, 292, 237, 214, 236, 215, 242, 299, 298, 243], [311, 362, 363, 310, 305, 304, 358, 359, 385, 370, 371, 384]],
             [[55, 44, 54, 45, 30, 31, 71, 70, 177, 100, 176, 101], [117, 127, 116, 126, 143, 142, 183, 182, 189, 173, 188, 172], [217, 206, 207, 216, 231, 230, 251, 250, 240, 241, 281, 280], [307, 296, 306, 297, 245, 322, 323, 244, 352, 357, 353, 356]],
             [[5, 4, 27, 26, 14, 7, 15, 6, 69, 68, 78, 79], [181, 180, 185, 184, 102, 93, 103, 92, 141, 150, 140, 151], [190, 233, 191, 232, 171, 165, 164, 170, 249, 248, 258, 259], [239, 238, 247, 246, 272, 283, 282, 273, 321, 330, 331, 320], [383, 360, 382, 361, 355, 354, 345, 344, 381, 373, 380, 372]],
             [[73, 72, 98, 99, 85, 75, 74, 84, 97, 96, 86, 87], [144, 145, 174, 175, 146, 147, 157, 156, 169, 168, 158, 159], [252, 253, 279, 278, 255, 265, 264, 254, 277, 266, 267, 276], [324, 351, 325, 350, 327, 337, 326, 336, 339, 349, 338, 348]]
             ]


FramesCol = [[[21, 18, 19, 20], [9, 0, 8, 1], [13, 12]],
             [[40, 25, 41, 24, 3, 16, 17, 2, 46, 47, 29, 28], [27, 4, 5, 26, 14, 15, 6, 7, 68, 69, 78, 79]],
             [[36, 63, 62, 37, 39, 49, 48, 38, 61, 51, 60, 50], [55, 44, 54, 45, 31, 30, 71, 70, 176, 177, 100, 101], [72, 73, 99, 98, 85, 75, 74, 84, 97, 96, 87, 86]],
             [[58, 113, 112, 59, 53, 52, 179, 178, 118, 187, 119, 186], [180, 181, 185, 184, 102, 103, 93, 92, 140, 141, 151, 150]],
             [[138, 108, 139, 109, 111, 110, 121, 120, 132, 133, 123, 122], [127, 117, 126, 116, 143, 182, 142, 183, 189, 173, 188, 172], [174, 144, 145, 175, 146, 147, 157, 156, 168, 169, 158, 159]],
             [[203, 131, 130, 202, 192, 124, 193, 125, 209, 234, 235, 208], [233, 190, 191, 232, 171, 170, 165, 164, 248, 249, 258, 259]],
             [[198, 225, 224, 199, 201, 210, 211, 200, 222, 223, 213, 212], [217, 207, 216, 206, 231, 250, 251, 230, 241, 240, 281, 280], [252, 279, 253, 278, 255, 265, 254, 264, 276, 277, 267, 266]],
             [[293, 221, 220, 292, 237, 214, 215, 236, 298, 243, 299, 242], [247, 239, 246, 238, 282, 283, 273, 272, 331, 321, 330, 320]],
             [[315, 289, 288, 314, 291, 301, 290, 300, 312, 303, 313, 302], [297, 296, 307, 306, 323, 244, 245, 322, 356, 357, 352, 353], [324, 325, 351, 350, 337, 327, 326, 336, 339, 349, 348, 338]],
             [[310, 363, 311, 362, 305, 304, 358, 359, 371, 370, 385, 384], [360, 383, 361, 382, 355, 354, 345, 344, 381, 373, 372, 380]],
             [[366, 367, 369, 368], [379, 387, 386, 378], [374, 375]]
             ]

individualCol = [[[23, 21, 25, 20, 22, 24], [19, 17, 18, 16], [3, 4, 5, 1, 2, 0], [9, 6, 7, 8], [15, 14, 13, 10, 11, 12]],
                 [[33, 37, 32, 36, 34, 35], [41, 39, 40, 42, 43, 38], [49, 48, 47, 44, 46, 45], [27, 29, 28, 26, 31, 30], [71, 70, 69, 72, 68, 73], [77, 78, 79, 76, 74, 75], [85, 83, 84, 80, 82, 81]],
                 [[65, 64, 63, 62, 67, 66], [61, 56, 57, 60, 58, 59], [55, 53, 54, 52, 51, 50], [178, 179, 177, 176, 180, 181], [101, 98, 100, 99, 103, 102], [97, 92, 93, 96, 95, 94], [86, 91, 89, 87, 88, 90]],
                 [[107, 108, 106, 109, 105, 104], [113, 114, 115, 112, 111, 110], [121, 120, 119, 116, 117, 118], [185, 183, 187, 182, 186, 184], [141, 143, 142, 144, 140, 145], [149, 150, 148, 151, 147, 146], [156, 157, 155, 152, 154, 153]],
                 [[137, 138, 136, 139, 135, 134], [129, 128, 133, 130, 132, 131], [122, 123, 127, 126, 124, 125], [189, 188, 190, 193, 192, 191], [175, 174, 173, 170, 171, 172], [164, 169, 165, 168, 167, 166], [158, 159, 163, 162, 160, 161]],
                 [[196, 197, 195, 198, 194, 199], [201, 203, 202, 204, 200, 205], [209, 210, 211, 208, 206, 207], [233, 232, 231, 234, 230, 235], [250, 249, 251, 248, 252, 253], [257, 258, 255, 256, 259, 254], [263, 262, 265, 264, 260, 261]],
                 [[226, 225, 227, 229, 224, 228], [219, 223, 218, 222, 221, 220], [212, 217, 215, 216, 213, 214], [237, 241, 239, 240, 238, 236], [279, 283, 282, 278, 281, 280], [272, 273, 277, 276, 274, 275], [271, 266, 267, 270, 269, 268]],
                 [[287, 286, 288, 285, 289, 284], [294, 293, 295, 292, 290, 291], [298, 299, 297, 300, 301, 296], [247, 246, 242, 245, 244, 243], [323, 324, 322, 321, 320, 325], [329, 328, 331, 327, 330, 326], [336, 334, 335, 337, 333, 332]],
                 [[314, 315, 319, 316, 318, 317], [313, 312, 308, 309, 311, 310], [307, 306, 304, 303, 305, 302], [356, 357, 359, 360, 361, 358], [351, 355, 354, 350, 352, 353], [349, 348, 345, 347, 344, 346], [343, 342, 338, 339, 341, 340]],
                 [[363, 364, 362, 365, 366, 367], [369, 368, 371, 370], [382, 383, 385, 387, 386, 384], [381, 379, 380, 378], [373, 372, 377, 376, 374, 375]]
                 ]


